0000000000000101
0000000000011101
0000000000000000
0000000000001111
0000000000010000
0000000000000100
0000000000000000
0000000000000000
0000000000001111
0000000000000000
0000000000001111
0000000000000000
0000111100001111
0000000000000000
0000111100001111
0000000000000000
0000111100001111
0000000000000000
0000111100001111
0000000000000000
0000111100001111
0000000000000000
1111000011110000
0011110000111100
1111000011110000
0011110000111100
1111000011110000
0011110000111100
1111000011110000
0011110000111100
1111000011110000
0011110000111100
1111000011110000
0011110000111100
1111000011110000
0011110000111100
1111000011110000
0011110000111100
1111000011110000
0011110000111100
1111000011110000
0011110000111100
1111000011110000
0011110000111100
1111000011110000
0011110000111100
1111000011110000
0011110000111100
0000000000000000
0000111100001111
0000000000000000
0000111100001111
0000000000000000
0000111100001111
0000000000000000
0000111100001111
0000000000000000
0000111100001111
0000000000000000
0000111100001111
0000000000000000
0000111100001111
0000000000000000
1111000011110000
0000000000000000
0000000000001111
0000000000000000
0000111100001111
0000000000000000
0000111100001111
0000000000000000
0000111100001111
0000000000000000
0000111100001111
0000000000000000
0000111100001111
0000000000000000
0000111100001111
0000000000000000
1111000011110000
0000000000000000
0000111100001111
0000000000000000
0000111100001111
0000000000000000
0000111100001111
0000000000000000
0000111100001111
0000000000000000
0000111100001111
0000000000000000
0000111100001111
0000000000000000
0000111100001111
0000000000000000
1111000011110000
0000000000000000
0000000000001111
0000000000000000
0000111100001111
0000000000000000
0000111100001111
0000000000000000
0000111100001111
0000000000000000
0000111100001111
0000000000000000
0000111100001111
