0000000000001001
0000000000100101
0000000000000000
1001011010010110
0000000000000000
0000000000000000
0000000000000000
0000000000000000
1001000010010000
0000000000000000
1001000010010000
0000000000000000
1001000010010000
0000000000000000
1001000010010000
0000000000000000
1001000010010000
0000000000000000
1001000010010000
0000011000000110
1001000010010000
0000011000000110
1001000010010000
0000011000000110
1001000010010000
0000011000000110
1001000010010000
0000011000000110
0000011000000110
1001000010010000
0000011000000110
1001000010010000
0000011000000110
1001000010010000
0000011000000110
1001000010010000
0000011000000110
1001000010010000
0000011000000110
1001000010010000
0000011000000110
1001000010010000
0000011000000110
1001000010010000
0000011000000110
1001000010010000
0000011000000110
1001000010010000
0000011000000110
1001000010010000
0000011000000110
1001000010010000
1001011010010110
1001011010010110
1001011010010110
1001011010010110
1001011010010110
1001011010010110
1001011010010110
1001011010010110
1001011010010110
1001011010010110
1001011010010110
1001011010010110
1001011010010110
1001011010010110
1001011010010110
1001000010010000
0000011000000110
1001000010010000
1001011010010110
1001011010010110
1001000010010000
0000011000000110
1001000010010000
1001011010010110
1001011010010110
1001000010010000
0000011000000110
1001000010010000
1001011010010110
1001011010010110
1001000010010000
0000011000000110
1001000010010000
1001011010010110
1001011010010110
1001000010010000
0000011000000110
1001000010010000
1001011010010110
1001011010010110
1001000010010000
1001011010010110
1001011010010110
1001000010010000
0000011000000110
1001000010010000
1001011010010110
1001000010010000
1001011010010110
1001011010010110
1001000010010000
0000011000000110
1001000010010000
1001011010010110
0000000000000100
1010100010010010